"Id_Noleggio","Data_Pagamento"
8e+05,2024-06-07
800001,2024-07-03
800002,2024-06-15
800003,2024-07-07
800004,2023-03-08
800005,2024-01-03
800006,2022-06-25
800007,2022-07-22
800008,2024-05-28
800009,2023-11-04
800010,2023-09-26
800011,2022-10-28
800012,2023-04-28
800013,2023-09-29
800014,2024-01-10
800015,2024-10-31
800016,2022-10-20
800017,2023-11-17
800018,2023-12-30
800019,2024-06-23
800020,2023-10-27
800021,2024-10-11
800022,2024-08-19
800023,2024-07-21
800024,2024-01-09
800025,2023-09-23
800026,2023-12-04
800027,2023-12-03
800028,2024-08-16
800029,2023-06-28
800030,2022-09-20
800031,2022-08-12
800032,2022-08-28
800033,2024-07-02
800034,2022-07-09
800035,2024-07-25
800036,2022-07-26
800037,2023-05-04
800038,2024-05-07
800039,2022-08-31
800040,2022-10-25
800041,2023-08-19
800042,2023-05-04
800043,2023-03-13
800044,2023-12-19
800045,2024-07-27
800046,2024-05-12
800047,2024-08-14
800048,2024-04-08
800049,2023-09-22
800050,2023-08-25
800051,2024-03-01
800052,2024-12-02
800053,2024-08-24
800054,2023-03-15
800055,2023-05-25
800056,2024-02-11
800057,2024-08-19
800058,2024-11-18
800059,2023-06-23
800060,2022-06-06
800061,2023-12-28
800062,2022-07-12
800063,2023-03-15
800064,2024-12-11
800065,2022-09-25
800066,2024-06-05
800067,2023-10-31
800068,2022-07-29
800069,2022-07-29
800070,2024-01-11
800071,2024-11-05
800072,2023-12-20
800073,2023-11-06
800074,2024-04-07
800075,2024-04-20
800076,2023-10-05
800077,2022-12-13
800078,2024-02-12
800079,2024-08-18
800080,2023-05-26
800081,2022-07-29
800082,2024-06-09
800083,2024-06-21
800084,2024-09-10
800085,2022-07-28
800086,2024-10-29
800087,2022-11-30
800088,2024-08-21
800089,2024-10-25
800090,2023-12-03
800091,2022-06-22
800092,2023-04-02
800093,2024-09-25
800094,2023-12-26
800095,2024-11-15
800096,2023-02-26
800097,2024-07-10
800098,2023-02-17
800099,2024-11-09
800100,2023-01-03
800101,2024-05-23
800102,2024-05-08
800103,2024-09-21
800104,2022-11-24
800105,2024-04-13
800106,2022-09-21
800107,2024-05-13
800108,2024-12-14
800109,2023-10-14
800110,2024-08-17
800111,2024-12-15
800112,2023-02-04
800113,2022-10-22
800114,2023-12-14
800115,2023-08-31
800116,2024-09-07
800117,2023-08-27
800118,2023-08-05
800119,2022-11-23
800120,2023-06-06
800121,2024-08-23
800122,2023-04-20
800123,2023-04-24
800124,2024-09-13
800125,2023-01-13
800126,2024-09-29
800127,2023-11-23
800128,2024-10-17
800129,2024-12-29
800130,2024-08-03
800131,2022-09-07
800132,2022-07-30
800133,2024-04-28
800134,2022-09-01
800135,2024-01-10
800136,2023-02-16
800137,2023-05-14
800138,2022-10-16
800139,2023-03-07
800140,2022-10-27
800141,2023-03-04
800142,2024-06-29
800143,2022-06-15
800144,2024-03-10
800145,2022-07-07
800146,2023-03-25
800147,2022-12-20
800148,2023-02-21
800149,2023-03-07
800150,2022-11-13
800151,2023-11-03
800152,2023-09-25
800153,2023-02-10
800154,2024-01-20
800155,2023-02-16
800156,2022-09-05
800157,2023-09-08
800158,2024-10-31
800159,2024-08-16
800160,2023-02-04
800161,2023-12-13
800162,2024-05-08
800163,2022-08-20
800164,2023-07-09
800165,2023-12-14
800166,2023-06-11
800167,2024-02-13
800168,2024-11-18
800169,2024-06-08
800170,2024-08-14
800171,2023-05-27
800172,2024-12-31
800173,2024-05-01
800174,2024-06-22
800175,2024-01-03
800176,2023-09-11
800177,2022-09-13
800178,2022-08-29
800179,2022-11-16
800180,2022-10-19
800181,2022-10-01
800182,2024-04-21
800183,2022-10-29
800184,2023-12-23
800185,2023-03-22
800186,2023-06-19
800187,2022-12-05
800188,2022-06-21
800189,2023-06-24
800190,2023-11-05
800191,2024-07-29
800192,2024-09-21
800193,2024-08-03
800194,2023-10-08
800195,2023-07-11
800196,2024-05-26
800197,2025-01-03
800198,2022-09-25
800199,2024-03-06
800200,2022-08-03
800201,2023-06-05
800202,2022-12-12
800203,2024-03-14
800204,2024-11-08
800205,2022-11-22
800206,2024-02-07
800207,2023-05-19
800208,2023-08-04
800209,2023-09-23
800210,2023-05-29
800211,2024-08-22
800212,2025-01-11
800213,2024-03-09
800214,2023-03-18
800215,2022-10-16
800216,2022-09-30
800217,2023-09-11
800218,2024-01-20
800219,2024-04-09
800220,2022-09-17
800221,2024-04-19
800222,2023-10-07
800223,2024-05-04
800224,2024-01-16
800225,2024-02-13
800226,2024-06-10
800227,2023-02-17
800228,2022-10-25
800229,2024-11-30
800230,2024-06-09
800231,2024-06-24
800232,2023-10-23
800233,2023-05-05
800234,2024-08-22
800235,2023-03-17
800236,2022-06-30
800237,2023-08-10
800238,2024-04-11
800239,2024-07-01
800240,2023-03-18
800241,2024-09-04
800242,2022-08-02
800243,2023-09-25
800244,2023-04-05
800245,2024-09-06
800246,2024-09-29
800247,2024-06-05
800248,2023-05-17
800249,2022-12-21
800250,2023-09-14
800251,2023-05-04
800252,2024-09-21
800253,2024-07-14
800254,2024-06-11
800255,2024-11-01
800256,2024-02-20
800257,2024-01-18
800258,2023-08-09
800259,2022-07-08
800260,2024-11-17
800261,2022-07-10
800262,2023-06-19
800263,2023-10-23
800264,2023-03-06
800265,2022-11-21
800266,2024-10-14
800267,2023-08-25
800268,2022-09-20
800269,2024-02-04
800270,2023-07-04
800271,2023-07-01
800272,2023-04-23
800273,2022-10-06
800274,2023-11-14
800275,2024-03-19
800276,2024-05-11
800277,2022-10-29
800278,2024-07-13
800279,2022-12-16
800280,2023-03-09
800281,2025-01-11
800282,2022-12-04
800283,2024-10-12
800284,2022-08-04
800285,2022-11-01
800286,2022-11-07
800287,2023-12-11
800288,2024-08-09
800289,2022-08-20
800290,2024-11-02
800291,2024-10-31
800292,2024-06-26
800293,2023-02-12
800294,2023-09-08
800295,2024-03-23
800296,2023-11-28
800297,2025-01-05
800298,2022-11-27
800299,2022-06-26
800300,2024-03-22
800301,2023-09-26
800302,2022-07-22
800303,2023-06-21
800304,2023-04-21
9e+05,2022-06-27
900001,2022-06-15
900002,2022-07-25
900003,2022-07-05
900004,2022-07-11
900005,2022-07-30
900006,2022-07-08
900007,2022-05-30
900008,2022-05-24
900009,2022-07-04
900010,2022-07-29
900011,2022-07-04
900012,2022-07-09
900013,2022-08-05
900014,2022-05-21
900015,2022-07-19
900016,2022-06-21
900017,2022-08-01
900018,2022-07-02
900019,2022-05-20
900020,2022-05-18
900021,2022-07-10
900022,2022-07-09
900023,2022-05-23
900024,2022-08-07
900025,2022-07-01
900026,2022-06-29
900027,2022-07-03
900028,2022-08-06
900029,2022-07-07
900030,2022-06-04
900031,2022-06-30
900032,2022-07-23
900033,2022-08-09
900034,2022-05-18
900035,2022-07-14
900036,2022-07-03
900037,2022-07-04
900038,2022-07-20
900039,2022-06-24
900040,2022-06-05
900041,2022-06-08
900042,2022-08-11
900043,2022-08-15
900044,2022-06-17
900045,2022-07-16
900046,2022-07-16
900047,2022-05-21
900048,2022-07-14
900049,2022-06-11
900050,2022-07-10
900051,2022-06-30
900052,2022-08-05
900053,2022-08-07
900054,2022-07-01
900055,2022-07-10
900056,2022-06-30
900057,2022-07-20
900058,2022-08-01
900059,2022-08-14
900060,2022-07-19
900061,2022-07-05
900062,2022-06-20
900063,2022-07-17
900064,2022-07-31
900065,2022-07-08
900066,2022-07-30
900067,2022-06-05
900068,2022-07-30
900069,2022-05-21
900070,2022-06-18
900071,2022-08-13
900072,2022-06-14
900073,2022-05-29
900074,2022-07-30
900075,2022-07-22
900076,2022-07-31
900077,2022-06-21
900078,2022-06-23
900079,2022-07-22
900080,2022-06-30
900081,2022-06-20
900082,2022-06-26
900083,2022-05-26
900084,2022-05-26
900085,2022-06-22
900086,2022-07-14
900087,2022-06-11
900088,2022-06-11
900089,2022-06-28
900090,2022-06-01
900091,2022-06-14
900092,2022-07-31
900093,2022-07-05
900094,2022-06-19
900095,2022-06-15
900096,2022-05-20
900097,2022-08-14
900098,2022-07-06
900099,2022-07-18
900100,2022-07-21
900101,2022-08-14
900102,2022-06-26
900103,2022-06-04
900104,2022-08-14
900105,2022-05-28
900106,2022-07-24
900107,2022-06-17
900108,2022-08-01
900109,2022-05-17
900110,2022-06-15
900111,2022-08-15
900112,2022-07-04
900113,2022-08-15
900114,2022-07-18
900115,2022-07-15
900116,2022-06-11
900117,2022-05-30
900118,2022-07-03
900119,2022-07-13
900120,2022-06-21
900121,2022-07-02
900122,2022-05-22
900123,2022-08-04
900124,2022-06-02
900125,2022-08-05
900126,2022-07-04
900127,2022-07-04
900128,2022-06-12
900129,2022-06-19
900130,2022-07-14
900131,2022-06-12
900132,2022-06-19
900133,2022-08-01
900134,2022-06-22
900135,2022-05-19
900136,2022-05-24
900137,2022-06-24
900138,2022-08-01
900139,2022-07-09
900140,2022-07-17
900141,2022-07-01
900142,2022-05-22
900143,2022-05-31
900144,2022-08-04
900145,2022-08-08
900146,2022-07-15
900147,2022-07-25
900148,2022-07-16
900149,2022-06-07
900150,2022-06-30
900151,2022-07-31
900152,2022-06-18
900153,2022-06-12
900154,2022-07-12
900155,2022-08-02
900156,2022-06-15
900157,2022-05-28
900158,2022-06-30
900159,2022-06-09
900160,2022-07-03
900161,2022-08-17
900162,2022-07-06
900163,2022-07-28
900164,2022-06-09
900165,2022-05-31
900166,2022-07-10
900167,2022-06-20
900168,2022-06-25
900169,2022-07-16
900170,2022-08-06
900171,2022-08-03
900172,2022-07-04
900173,2022-08-11
900174,2022-08-09
900175,2022-06-28
900176,2022-05-27
900177,2022-07-05
900178,2022-06-25
900179,2022-06-21
900180,2022-06-23
900181,2022-08-04
900182,2022-06-12
900183,2022-07-11
900184,2022-05-16
900185,2022-05-21
900186,2022-08-04
900187,2022-06-22
900188,2022-07-30
900189,2022-07-05
900190,2022-05-24
900191,2022-06-30
900192,2022-07-14
900193,2022-06-26
900194,2022-06-08
900195,2022-05-16
900196,2022-08-16
900197,2022-07-23
900198,2022-07-27
900199,2022-05-17
900200,2022-07-22
900201,2022-06-05
900202,2022-06-26
900203,2022-07-08
900204,2022-07-21
900205,2022-08-09
900206,2022-05-26
900207,2022-06-19
900208,2022-05-23
900209,2022-05-18
900210,2022-06-23
900211,2022-07-26
900212,2022-07-31
900213,2022-08-15
900214,2022-06-19
900215,2022-07-09
900216,2022-08-08
900217,2022-06-06
900218,2022-08-06
900219,2022-06-08
900220,2022-07-08
900221,2022-07-12
900222,2022-07-23
900223,2022-07-14
900224,2022-05-21
900225,2022-05-26
900226,2022-05-30
900227,2022-05-28
900228,2022-07-12
900229,2022-07-23
900230,2022-06-09
900231,2022-07-19
900232,2022-06-12
900233,2022-07-25
900234,2022-08-06
900235,2022-05-21
900236,2022-08-01
900237,2022-06-29
900238,2022-06-13
900239,2022-07-08
900240,2022-05-27
900241,2022-06-20
900242,2022-05-31
900243,2022-06-30
900244,2022-08-05
900245,2022-08-05
900246,2022-08-02
900247,2022-07-11
900248,2022-06-03
900249,2022-08-15
900250,2022-07-21
900251,2022-06-05
900252,2022-05-31
900253,2022-06-21
900254,2022-08-10
900255,2022-05-26
900256,2022-08-11
900257,2022-06-07
900258,2022-05-20
900259,2022-05-22
900260,2022-07-10
900261,2022-06-27
900262,2022-06-01
900263,2022-07-21
900264,2022-07-11
900265,2022-06-19
900266,2022-07-14
900267,2022-07-19
900268,2022-05-23
900269,2022-07-31
900270,2022-07-21
900271,2022-08-13
900272,2022-07-19
900273,2022-07-28
900274,2022-05-29
900275,2022-08-03
900276,2022-06-30
900277,2022-06-11
900278,2022-08-11
900279,2022-06-26
900280,2022-07-27
900281,2022-06-16
900282,2022-08-10
900283,2022-08-02
900284,2022-06-22
900285,2022-07-26
900286,2022-05-31
900287,2022-06-24
900288,2022-05-28
900289,2022-07-10
900290,2022-05-27
900291,2022-05-17
900292,2022-07-11
900293,2022-07-30
900294,2022-07-19
900295,2022-07-03
900296,2022-05-18
900297,2022-07-10
900298,2022-06-26
900299,2022-07-13
900300,2022-08-01
900301,2022-06-16
900302,2022-07-30
900303,2022-05-29
900304,2022-05-28
900305,2022-06-27
900306,2022-07-06
900307,2022-07-05
900308,2022-07-21
900309,2022-06-06
900310,2022-06-21
900311,2022-06-05
900312,2022-06-13
900313,2022-07-03
900314,2022-06-16
900315,2022-06-08
900316,2022-06-08
900317,2022-06-09
900318,2022-08-01
900319,2022-07-21
900320,2022-06-03
900321,2022-05-16
900322,2022-07-22
900323,2022-07-12
900324,2022-08-03
900325,2022-06-11
900326,2022-07-23
900327,2022-05-27
900328,2022-07-04
900329,2022-10-19
900330,2022-12-14
900331,2023-01-02
900332,2022-11-10
900333,2022-10-24
900334,2022-11-07
900335,2022-10-31
900336,2022-11-01
900337,2023-01-03
900338,2022-10-20
900339,2022-11-21
900340,2022-11-30
900341,2022-11-14
900342,2022-11-14
900343,2023-01-10
900344,2022-12-28
900345,2023-01-14
900346,2022-12-15
900347,2022-11-19
900348,2022-11-14
900349,2022-12-05
900350,2022-10-24
900351,2022-12-26
900352,2022-12-08
900353,2022-12-24
900354,2022-12-09
900355,2022-10-19
900356,2022-12-02
900357,2022-11-07
900358,2022-11-30
900359,2022-12-26
900360,2022-12-20
900361,2022-12-01
900362,2022-12-14
900363,2022-12-11
900364,2022-12-01
900365,2022-10-25
900366,2022-10-24
900367,2022-12-15
900368,2022-11-05
900369,2023-01-02
900370,2022-12-11
900371,2022-12-06
900372,2022-10-30
900373,2022-12-08
900374,2022-11-12
900375,2022-11-16
900376,2022-11-02
900377,2022-11-22
900378,2023-01-09
900379,2023-01-17
900380,2023-01-04
900381,2022-10-25
900382,2023-01-15
900383,2022-11-25
900384,2023-01-02
900385,2022-11-27
900386,2022-10-24
900387,2022-11-20
900388,2022-12-12
900389,2022-11-23
900390,2022-11-10
900391,2022-11-16
900392,2022-12-30
900393,2023-01-05
900394,2022-10-18
900395,2022-11-16
900396,2022-12-30
900397,2022-10-18
900398,2023-01-12
900399,2022-12-29
900400,2022-12-04
900401,2022-11-23
900402,2022-10-26
900403,2022-10-28
900404,2023-01-07
900405,2022-11-10
900406,2023-01-15
900407,2022-12-26
900408,2022-11-22
900409,2022-11-26
900410,2022-12-13
900411,2022-12-02
900412,2022-12-05
900413,2022-10-29
900414,2022-12-22
900415,2022-11-02
900416,2022-11-24
900417,2022-10-25
900418,2022-11-21
900419,2023-01-07
900420,2022-12-08
900421,2022-12-10
900422,2023-01-02
900423,2023-01-08
900424,2022-11-18
900425,2022-12-10
900426,2022-12-11
900427,2022-12-30
900428,2022-12-06
900429,2023-01-11
900430,2022-11-29
900431,2022-11-21
900432,2023-01-08
900433,2023-01-14
900434,2022-12-31
900435,2022-12-07
900436,2022-11-03
900437,2022-12-03
900438,2022-12-23
900439,2022-12-24
900440,2022-12-12
900441,2022-10-26
900442,2022-12-24
900443,2022-11-05
900444,2022-12-18
900445,2022-10-17
900446,2022-12-25
900447,2023-01-04
900448,2022-11-23
900449,2023-01-10
900450,2022-12-09
900451,2022-11-24
900452,2022-12-01
900453,2022-11-21
900454,2022-11-16
900455,2022-12-07
900456,2022-11-08
900457,2022-11-22
900458,2022-12-07
900459,2022-12-13
900460,2022-11-12
900461,2022-10-30
900462,2023-01-10
900463,2022-11-22
900464,2023-01-02
900465,2022-12-21
900466,2022-11-08
900467,2022-11-26
900468,2023-01-06
900469,2022-11-22
900470,2022-12-19
900471,2022-12-19
900472,2023-01-01
900473,2022-10-31
900474,2022-11-17
900475,2023-01-11
900476,2022-12-09
900477,2022-11-17
900478,2022-12-19
900479,2022-12-11
900480,2022-10-30
900481,2023-01-09
900482,2022-12-10
900483,2022-12-02
900484,2022-12-23
900485,2022-12-12
900486,2022-10-29
900487,2022-10-23
900488,2022-12-17
900489,2022-11-29
900490,2022-11-11
900491,2022-11-25
900492,2022-10-19
900493,2022-11-12
900494,2022-10-20
900495,2023-01-06
900496,2023-01-09
900497,2022-11-11
900498,2022-11-16
900499,2022-12-23
900500,2022-11-03
900501,2023-01-09
900502,2022-10-22
900503,2022-12-17
900504,2022-12-02
900505,2022-11-23
900506,2022-10-25
900507,2022-12-04
900508,2022-11-10
900509,2022-11-23
900510,2023-01-07
900511,2022-11-28
900512,2023-01-05
900513,2022-12-19
900514,2022-11-03
900515,2022-12-03
900516,2022-10-26
900517,2023-01-01
900518,2022-12-09
900519,2023-01-09
900520,2022-11-16
900521,2022-12-24
900522,2022-11-25
900523,2022-11-03
900524,2022-10-28
900525,2022-10-29
900526,2023-01-04
900527,2022-12-09
900528,2022-10-24
900529,2022-11-15
900530,2022-12-23
900531,2022-11-25
900532,2022-11-23
900533,2022-11-15
900534,2022-10-30
900535,2022-11-28
900536,2022-12-18
900537,2022-10-20
900538,2022-11-09
900539,2022-10-25
900540,2022-10-29
900541,2022-11-15
900542,2022-11-08
900543,2022-10-19
900544,2022-12-08
900545,2022-12-16
900546,2022-12-06
900547,2022-12-25
900548,2022-11-03
900549,2023-01-02
900550,2022-12-21
900551,2022-11-29
900552,2022-12-15
900553,2022-12-05
900554,2022-10-27
900555,2022-12-04
900556,2023-01-07
900557,2022-12-05
900558,2022-10-30
900559,2022-12-28
900560,2022-11-07
900561,2022-12-08
900562,2022-11-10
900563,2022-10-21
900564,2022-11-11
900565,2022-12-04
900566,2023-01-07
900567,2022-12-08
900568,2022-12-18
900569,2022-12-15
900570,2022-12-20
900571,2023-01-06
900572,2023-01-01
900573,2022-10-30
900574,2023-01-12
900575,2022-12-16
900576,2022-12-19
900577,2023-01-13
900578,2023-01-07
900579,2022-12-25
900580,2022-11-18
900581,2022-12-31
900582,2022-12-24
900583,2022-11-24
900584,2022-12-06
900585,2022-11-11
900586,2023-01-04
900587,2022-11-08
900588,2022-10-29
900589,2023-01-09
900590,2022-10-31
900591,2022-10-19
900592,2022-10-18
900593,2023-01-03
900594,2022-12-07
900595,2023-01-11
900596,2022-12-20
900597,2022-11-29
900598,2022-10-24
900599,2022-12-19
900600,2022-11-26
900601,2022-11-22
900602,2022-10-23
900603,2023-01-13
900604,2022-12-06
900605,2023-01-04
900606,2022-12-22
900607,2022-11-03
900608,2022-12-16
900609,2023-01-11
900610,2023-01-02
900611,2022-10-25
900612,2022-10-19
900613,2022-10-18
900614,2022-10-16
900615,2022-12-07
900616,2022-11-01
900617,2022-11-27
900618,2022-12-11
900619,2022-11-26
900620,2022-12-29
900621,2023-01-11
900622,2022-11-02
900623,2022-11-11
900624,2022-12-18
900625,2022-11-27
900626,2022-12-15
900627,2023-01-03
900628,2022-12-21
900629,2022-10-29
900630,2022-12-18
900631,2022-11-12
900632,2023-01-02
900633,2022-10-23
900634,2022-10-28
900635,2022-11-05
900636,2022-11-06
900637,2022-11-05
900638,2022-11-22
900639,2022-11-25
900640,2022-11-25
900641,2022-12-30
900642,2023-01-13
900643,2022-11-14
900644,2022-12-31
900645,2022-12-30
900646,2022-12-28
900647,2022-11-12
900648,2022-12-03
900649,2022-12-03
900650,2022-11-05
900651,2022-10-24
900652,2022-11-18
900653,2022-11-06
900654,2022-12-24
900655,2022-11-08
900656,2022-11-11
900657,2023-01-01
900658,2022-11-26
900659,2022-12-30
900660,2023-01-12
900661,2023-01-06
900662,2022-10-23
900663,2022-11-08
900664,2022-10-31
900665,2023-01-08
900666,2023-01-05
900667,2022-11-12
900668,2022-11-18
900669,2023-01-05
900670,2022-12-05
900671,2022-12-23
900672,2023-01-06
900673,2022-12-11
900674,2022-12-30
900675,2023-01-07
900676,2022-11-23
900677,2022-12-24
900678,2022-10-28
900679,2022-12-11
900680,2022-12-31
900681,2022-11-14
900682,2023-01-15
900683,2022-10-26
900684,2022-11-23
900685,2023-01-16
900686,2022-12-19
900687,2022-10-26
900688,2022-12-09
900689,2022-12-31
900690,2022-12-02
900691,2022-11-20
900692,2022-12-24
900693,2022-12-25
900694,2022-10-28
900695,2022-10-25
900696,2022-12-18
900697,2022-12-26
900698,2022-12-20
900699,2022-12-05
900700,2022-10-20
900701,2022-11-24
900702,2022-11-07
900703,2023-01-06
900704,2023-01-03
900705,2022-11-10
900706,2022-12-15
900707,2022-12-23
900708,2022-10-29
900709,2023-01-11
900710,2022-11-26
900711,2022-12-19
900712,2022-11-22
900713,2022-12-24
900714,2022-12-24
900715,2022-10-17
900716,2022-10-16
900717,2023-01-07
900718,2022-11-16
900719,2022-10-27
900720,2023-01-12
900721,2022-12-07
900722,2022-11-27
900723,2022-12-01
900724,2022-12-14
900725,2023-01-05
900726,2022-11-02
900727,2022-12-12
900728,2022-12-24
900729,2022-11-25
900730,2022-11-09
900731,2022-11-03
900732,2022-11-16
900733,2022-11-29
900734,2022-10-24
900735,2022-11-01
900736,2022-12-19
900737,2022-12-25
900738,2022-10-16
900739,2022-11-27
900740,2022-11-30
900741,2022-10-24
900742,2022-12-01
900743,2022-11-06
900744,2022-11-23
900745,2022-11-09
900746,2022-11-30
900747,2022-12-15
900748,2022-10-28
900749,2022-12-15
900750,2022-11-02
900751,2022-12-17
900752,2022-10-29
900753,2022-11-06
900754,2022-10-26
900755,2022-11-20
900756,2022-10-26
900757,2023-01-09
900758,2022-12-27
900759,2022-10-19
900760,2022-11-28
900761,2022-11-25
900762,2022-11-04
900763,2022-11-21
900764,2022-10-24
900765,2022-10-25
900766,2022-12-20
900767,2022-10-26
900768,2022-12-20
900769,2022-11-17
900770,2022-11-22
900771,2022-11-16
900772,2022-10-26
900773,2023-01-08
900774,2022-12-19
900775,2022-11-22
900776,2023-01-07
900777,2023-01-14
900778,2022-10-20
900779,2023-01-05
900780,2022-12-10
900781,2022-11-28
900782,2022-12-05
900783,2022-12-08
900784,2022-10-18
900785,2022-11-17
900786,2022-11-04
900787,2022-11-18
900788,2022-10-18
900789,2022-12-25
900790,2022-12-24
900791,2023-01-03
900792,2022-12-19
900793,2022-12-06
900794,2022-12-03
900795,2022-11-27
900796,2022-10-20
900797,2022-12-30
900798,2022-12-03
900799,2022-12-27
900800,2022-11-03
900801,2022-11-17
900802,2022-12-13
900803,2022-11-25
900804,2022-10-19
900805,2022-12-05
900806,2022-12-14
900807,2022-11-13
900808,2022-11-14
900809,2022-10-31
900810,2022-12-22
900811,2022-12-18
900812,2023-01-04
900813,2023-01-10
900814,2022-11-18
900815,2022-12-03
900816,2023-01-07
900817,2022-10-22
900818,2022-12-23
900819,2023-01-13
900820,2022-12-20
900821,2023-01-09
900822,2022-10-19
900823,2022-11-14
900824,2022-12-02
900825,2022-12-17
900826,2022-10-18
900827,2022-11-25
900828,2023-01-03
900829,2023-01-06
900830,2023-01-11
900831,2022-10-31
900832,2022-12-10
900833,2023-01-04
900834,2022-10-21
900835,2022-11-15
900836,2022-11-03
900837,2023-01-11
900838,2023-01-14
900839,2023-01-04
900840,2022-12-24
900841,2022-11-16
900842,2022-11-26
900843,2022-11-05
900844,2022-10-25
900845,2022-10-19
900846,2022-12-27
900847,2022-12-11
900848,2022-12-11
900849,2022-12-07
900850,2022-11-03
900851,2022-11-21
900852,2022-12-06
900853,2023-07-16
900854,2023-08-14
900855,2023-04-21
900856,2023-08-18
900857,2023-05-26
900858,2023-07-08
900859,2023-09-04
900860,2023-06-12
900861,2023-05-27
900862,2023-07-09
900863,2023-08-09
900864,2023-07-10
900865,2023-09-13
900866,2023-05-14
900867,2023-08-30
900868,2023-08-14
900869,2023-08-24
900870,2023-07-20
900871,2023-08-15
900872,2023-04-30
900873,2023-08-13
900874,2023-08-09
900875,2023-07-25
900876,2023-07-08
900877,2023-05-31
900878,2023-10-08
900879,2023-08-31
900880,2023-04-23
900881,2023-08-11
900882,2023-09-15
900883,2023-06-29
900884,2023-05-05
900885,2023-05-04
900886,2023-10-05
900887,2023-09-11
900888,2023-08-26
900889,2023-05-01
900890,2023-06-20
900891,2023-07-22
900892,2023-08-27
900893,2023-08-06
900894,2023-05-27
900895,2023-10-07
900896,2023-06-02
900897,2023-06-07
900898,2023-09-18
900899,2023-07-06
900900,2023-07-23
900901,2023-05-09
900902,2023-04-23
900903,2023-08-13
900904,2023-09-08
900905,2023-06-29
900906,2023-09-29
900907,2023-07-06
900908,2023-06-03
900909,2023-07-16
900910,2023-06-29
900911,2023-05-19
900912,2023-06-11
900913,2023-06-22
900914,2023-04-27
900915,2023-08-17
900916,2023-05-16
900917,2023-08-30
900918,2023-04-22
900919,2023-05-10
900920,2023-10-12
900921,2023-09-16
900922,2023-09-30
900923,2023-09-16
900924,2023-08-11
900925,2023-04-17
900926,2023-06-01
900927,2023-10-12
900928,2023-10-10
900929,2023-04-22
900930,2023-08-11
900931,2023-07-09
900932,2023-06-15
900933,2023-06-08
900934,2023-07-07
900935,2023-10-05
900936,2023-05-30
900937,2023-07-13
900938,2023-05-02
900939,2023-09-05
900940,2023-08-08
900941,2023-05-05
900942,2023-09-21
900943,2023-06-10
900944,2023-04-21
900945,2023-05-27
900946,2023-07-15
900947,2023-09-09
900948,2023-10-15
900949,2023-05-11
900950,2023-10-05
900951,2023-04-29
900952,2023-09-05
900953,2023-09-09
900954,2023-10-01
900955,2023-06-18
900956,2023-10-14
900957,2023-08-24
900958,2023-08-15
900959,2023-07-04
900960,2023-04-24
900961,2023-07-06
900962,2023-05-01
900963,2023-07-25
900964,2023-05-11
900965,2023-08-14
900966,2023-04-21
900967,2023-10-01
900968,2023-08-13
900969,2023-08-31
900970,2023-10-01
900971,2023-05-11
900972,2023-06-04
900973,2023-05-16
900974,2023-09-26
900975,2023-09-24
900976,2023-09-30
900977,2023-05-16
900978,2023-07-04
900979,2023-09-13
900980,2023-04-29
900981,2023-09-21
900982,2023-05-07
900983,2023-05-09
900984,2023-07-15
900985,2023-07-13
900986,2023-05-20
900987,2023-10-02
900988,2023-04-18
900989,2023-05-14
900990,2023-07-10
900991,2023-08-23
900992,2023-06-21
900993,2023-06-23
900994,2023-05-29
900995,2023-06-08
900996,2023-06-12
900997,2023-06-10
900998,2023-06-16
900999,2023-07-03
901000,2023-10-02
901001,2023-09-27
901002,2023-05-18
901003,2023-04-28
901004,2023-08-20
901005,2023-09-01
901006,2023-07-31
901007,2023-07-20
901008,2023-05-28
901009,2023-07-13
901010,2023-04-21
901011,2023-08-02
901012,2023-06-26
901013,2023-07-01
901014,2023-07-26
901015,2023-07-18
901016,2023-07-10
901017,2023-10-07
901018,2023-07-07
901019,2023-10-12
901020,2023-08-12
901021,2023-08-25
901022,2023-09-02
901023,2023-06-21
901024,2023-10-04
901025,2023-08-10
901026,2023-06-22
901027,2023-07-16
901028,2023-09-20
901029,2023-05-19
901030,2023-08-31
901031,2023-09-21
901032,2023-07-04
901033,2023-09-05
901034,2023-07-26
901035,2023-10-17
901036,2023-06-23
901037,2023-05-02
901038,2023-06-17
901039,2023-07-14
901040,2023-09-16
901041,2023-07-13
901042,2023-06-04
901043,2023-06-12
901044,2023-09-13
901045,2023-06-03
901046,2023-05-24
901047,2023-09-15
901048,2023-09-01
901049,2023-04-17
901050,2023-08-27
901051,2023-08-29
901052,2023-08-19
901053,2023-08-14
901054,2023-08-24
901055,2023-09-20
901056,2023-08-11
901057,2023-10-15
901058,2023-09-24
901059,2023-05-11
901060,2023-07-28
901061,2023-07-08
901062,2023-10-11
901063,2023-06-25
901064,2023-08-13
901065,2023-07-21
901066,2023-06-11
901067,2023-07-25
901068,2023-05-02
901069,2023-06-02
901070,2023-06-10
901071,2023-06-12
901072,2023-05-19
901073,2023-08-27
901074,2023-04-19
901075,2023-08-04
901076,2023-08-06
901077,2023-06-04
901078,2023-05-02
901079,2023-05-01
901080,2023-09-18
901081,2023-09-18
901082,2023-10-08
901083,2023-09-21
901084,2023-07-21
901085,2023-09-11
901086,2023-06-23
901087,2023-05-31
901088,2023-06-27
901089,2023-06-06
901090,2023-08-18
901091,2023-07-21
901092,2023-04-17
901093,2023-10-03
901094,2023-10-07
901095,2023-06-06
901096,2023-06-02
901097,2023-08-22
901098,2023-05-02
901099,2023-06-29
901100,2023-06-05
901101,2023-05-08
901102,2023-06-04
901103,2023-09-04
901104,2023-08-13
901105,2023-05-17
901106,2023-07-27
901107,2023-10-03
901108,2023-06-25
901109,2023-08-15
901110,2023-07-24
901111,2023-05-26
901112,2023-09-28
901113,2023-09-22
901114,2023-06-16
901115,2023-09-27
901116,2023-05-24
901117,2023-08-19
901118,2023-06-07
901119,2023-06-19
901120,2023-09-06
901121,2023-08-09
901122,2023-06-17
901123,2023-10-14
901124,2023-07-09
901125,2023-06-15
901126,2023-09-01
901127,2023-08-04
901128,2023-07-04
901129,2023-09-03
901130,2023-05-23
901131,2023-08-23
901132,2023-06-29
901133,2023-05-26
901134,2023-05-25
901135,2023-07-12
901136,2023-05-18
901137,2023-10-06
901138,2023-07-21
901139,2023-10-10
901140,2023-10-13
901141,2023-08-23
901142,2023-05-24
901143,2023-05-30
901144,2023-06-14
901145,2023-06-10
901146,2023-08-08
901147,2023-07-04
901148,2023-09-02
901149,2023-07-06
901150,2023-06-25
901151,2023-10-08
901152,2023-09-01
901153,2023-10-13
901154,2023-07-09
901155,2023-08-02
901156,2023-07-19
901157,2023-05-22
901158,2023-05-17
901159,2023-09-10
901160,2023-08-25
901161,2023-08-13
901162,2023-04-20
901163,2023-10-07
901164,2023-05-22
901165,2023-07-10
901166,2023-10-07
901167,2023-06-18
901168,2023-06-26
901169,2023-09-26
901170,2023-08-25
901171,2023-04-21
901172,2023-08-11
901173,2023-06-27
901174,2023-08-04
901175,2023-07-31
901176,2023-08-23
901177,2023-05-09
901178,2023-06-09
901179,2023-08-24
901180,2023-09-10
901181,2023-07-05
901182,2023-06-22
901183,2023-04-22
901184,2023-05-02
901185,2023-06-30
901186,2023-08-06
901187,2023-09-03
901188,2023-09-02
901189,2023-05-16
901190,2023-07-30
901191,2023-05-30
901192,2023-08-25
901193,2023-08-01
901194,2023-08-17
901195,2023-10-15
901196,2023-06-10
901197,2023-04-19
901198,2023-05-15
901199,2023-08-26
901200,2023-09-03
901201,2023-06-23
901202,2023-06-10
901203,2023-10-08
901204,2023-07-23
901205,2023-06-22
901206,2023-05-20
901207,2023-07-06
901208,2023-07-06
901209,2023-04-28
901210,2023-06-08
901211,2023-09-17
901212,2023-10-05
901213,2023-07-16
901214,2023-06-04
901215,2023-07-21
901216,2023-06-20
901217,2023-05-11
901218,2023-05-09
901219,2023-08-15
901220,2023-04-24
901221,2023-05-02
901222,2023-07-20
901223,2023-10-05
901224,2023-04-24
901225,2023-07-29
901226,2023-04-23
901227,2023-06-04
901228,2023-06-09
901229,2023-07-19
901230,2023-07-01
901231,2023-06-02
901232,2023-08-14
901233,2023-09-13
901234,2023-06-02
901235,2023-08-05
901236,2023-09-19
901237,2023-08-30
901238,2023-07-08
901239,2023-05-27
901240,2023-10-14
901241,2023-06-11
901242,2023-05-03
901243,2023-04-22
901244,2023-08-11
901245,2023-08-19
901246,2023-05-01
901247,2023-06-14
901248,2023-10-15
901249,2023-10-01
901250,2023-09-29
901251,2023-08-18
901252,2023-09-23
901253,2023-08-01
901254,2023-05-17
901255,2023-09-02
901256,2023-06-29
901257,2023-07-14
901258,2023-09-16
901259,2023-07-08
901260,2023-09-06
901261,2023-05-28
901262,2023-08-08
901263,2023-08-06
901264,2023-06-23
901265,2023-09-14
901266,2023-08-13
901267,2023-10-01
901268,2023-05-01
901269,2023-07-14
901270,2023-08-23
901271,2023-04-28
901272,2023-08-03
901273,2023-08-18
901274,2023-08-10
901275,2023-04-28
901276,2023-08-02
901277,2023-09-10
901278,2023-08-20
901279,2023-06-04
901280,2023-05-19
901281,2023-05-11
901282,2023-08-01
901283,2023-05-16
901284,2023-05-30
901285,2023-07-13
901286,2023-05-21
901287,2023-04-23
901288,2023-07-28
901289,2023-09-28
901290,2023-09-09
901291,2023-09-13
901292,2023-08-14
901293,2023-04-21
901294,2023-06-06
901295,2023-10-11
901296,2023-10-07
901297,2023-08-03
901298,2023-06-14
901299,2023-07-14
901300,2023-07-28
901301,2023-08-22
901302,2023-08-05
901303,2023-10-08
901304,2023-05-25
901305,2023-10-13
901306,2023-09-08
901307,2023-05-24
901308,2023-08-27
901309,2023-07-01
901310,2023-10-06
901311,2023-08-21
901312,2023-07-21
901313,2023-08-17
901314,2023-05-19
901315,2023-05-22
901316,2023-05-13
901317,2023-09-22
901318,2023-09-20
901319,2023-04-29
901320,2023-07-28
901321,2023-05-27
901322,2023-06-29
901323,2023-08-31
901324,2023-05-07
901325,2023-07-15
901326,2023-09-19
901327,2023-06-21
901328,2023-06-07
901329,2023-10-07
901330,2023-08-18
901331,2023-07-07
901332,2023-09-23
901333,2023-04-30
901334,2023-07-07
901335,2023-07-05
901336,2023-05-06
901337,2023-10-06
901338,2023-07-01
901339,2023-06-28
901340,2023-07-31
901341,2023-06-30
901342,2023-07-01
901343,2023-08-25
901344,2023-09-09
901345,2023-09-20
901346,2023-09-27
901347,2023-05-22
901348,2023-05-20
901349,2023-07-25
901350,2023-08-12
901351,2023-06-17
901352,2023-06-10
901353,2023-05-09
901354,2023-07-15
901355,2023-07-26
901356,2023-08-03
901357,2023-06-28
901358,2023-05-28
901359,2023-07-01
901360,2023-04-21
901361,2023-05-25
901362,2023-04-27
901363,2023-06-08
901364,2023-07-03
901365,2023-07-30
901366,2023-05-31
901367,2023-07-09
901368,2023-08-30
901369,2023-04-22
901370,2023-09-13
901371,2023-05-15
901372,2023-06-20
901373,2023-06-27
901374,2023-06-28
901375,2023-08-12
901376,2023-06-01
901377,2024-09-21
901378,2024-08-29
901379,2024-11-24
901380,2024-12-10
901381,2024-04-22
901382,2024-07-28
901383,2024-09-15
901384,2024-12-26
901385,2024-06-14
901386,2024-07-23
901387,2024-10-29
901388,2024-10-29
901389,2024-06-12
901390,2024-08-01
901391,2024-08-08
901392,2024-07-30
901393,2024-10-26
901394,2024-07-11
901395,2024-12-12
901396,2024-06-21
901397,2024-10-08
901398,2024-09-06
901399,2024-09-14
901400,2024-04-24
901401,2024-10-30
901402,2024-07-22
901403,2024-09-15
901404,2024-06-28
901405,2024-06-21
901406,2024-10-10
901407,2024-08-22
901408,2024-06-18
901409,2024-10-11
901410,2024-08-28
901411,2024-08-12
901412,2024-11-16
901413,2024-07-14
901414,2024-09-19
901415,2024-06-07
901416,2024-06-21
901417,2024-05-22
901418,2024-05-06
901419,2024-12-05
901420,2024-08-30
901421,2024-08-02
901422,2024-04-30
901423,2024-09-30
901424,2024-07-15
901425,2024-11-17
901426,2024-05-25
901427,2024-12-25
901428,2024-06-18
901429,2024-09-20
901430,2024-07-23
901431,2024-10-21
901432,2024-12-28
901433,2024-07-04
901434,2024-12-13
901435,2024-09-25
901436,2024-12-03
901437,2024-05-17
901438,2024-08-04
901439,2024-09-28
901440,2024-10-18
901441,2024-10-07
901442,2024-11-02
901443,2024-07-16
901444,2024-06-16
901445,2024-06-28
901446,2024-08-21
901447,2024-05-23
901448,2024-12-27
901449,2024-05-11
901450,2024-06-16
901451,2024-09-07
901452,2024-10-18
901453,2024-05-30
901454,2024-11-20
901455,2024-07-16
901456,2024-12-26
901457,2024-09-26
901458,2024-12-04
901459,2024-12-23
901460,2024-07-27
901461,2024-05-15
901462,2024-07-11
901463,2024-11-13
901464,2024-07-09
901465,2024-07-04
901466,2024-09-19
901467,2024-08-28
901468,2024-05-07
901469,2024-10-23
901470,2024-06-03
901471,2024-06-28
901472,2024-09-16
901473,2024-09-11
901474,2024-12-15
901475,2024-11-27
901476,2024-08-27
901477,2024-06-10
901478,2024-09-10
901479,2024-11-24
901480,2024-09-30
901481,2024-08-16
901482,2024-11-05
901483,2024-12-01
901484,2024-12-30
901485,2024-12-15
901486,2024-05-30
901487,2024-07-19
901488,2024-04-25
901489,2024-12-23
901490,2024-12-31
901491,2024-08-10
901492,2024-09-05
901493,2024-05-11
901494,2024-04-18
901495,2024-05-03
901496,2024-04-17
901497,2024-06-13
901498,2024-11-03
901499,2024-09-21
901500,2024-12-03
901501,2024-06-09
901502,2024-07-29
901503,2024-06-08
901504,2024-09-28
901505,2024-12-05
901506,2024-12-08
901507,2024-05-14
901508,2024-09-14
901509,2024-05-08
901510,2024-12-23
901511,2024-05-17
901512,2024-09-25
901513,2025-01-01
901514,2024-05-03
901515,2024-09-14
901516,2024-11-19
901517,2024-12-26
901518,2024-06-01
901519,2024-05-07
901520,2024-07-21
901521,2024-09-27
901522,2024-07-24
901523,2024-11-14
901524,2024-04-19
901525,2024-08-03
901526,2024-06-11
901527,2024-12-25
901528,2024-09-02
901529,2024-09-01
901530,2024-11-12
901531,2024-07-23
901532,2024-09-06
901533,2024-10-09
901534,2024-06-17
901535,2024-12-06
901536,2024-04-30
901537,2024-06-17
901538,2024-12-10
901539,2024-09-07
901540,2024-11-03
901541,2024-12-28
901542,2024-10-28
901543,2024-06-12
901544,2024-10-20
901545,2024-08-11
901546,2024-12-23
901547,2024-06-23
901548,2024-08-17
901549,2024-05-25
901550,2024-10-30
901551,2024-12-11
901552,2024-09-02
901553,2024-08-19
901554,2024-10-05
901555,2024-04-22
901556,2024-08-20
901557,2024-06-29
901558,2024-07-31
901559,2024-06-08
901560,2024-11-29
901561,2024-05-03
901562,2024-08-14
901563,2024-12-23
901564,2024-10-13
901565,2024-09-23
901566,2024-07-17
901567,2024-12-20
901568,2024-11-06
901569,2024-05-06
901570,2024-08-23
901571,2024-09-05
901572,2024-11-22
901573,2024-06-26
901574,2024-12-18
901575,2024-08-01
901576,2024-05-14
901577,2024-07-18
901578,2024-08-12
901579,2024-04-26
901580,2024-07-15
901581,2024-05-30
901582,2024-09-10
901583,2024-08-10
901584,2024-10-04
901585,2024-05-31
901586,2024-12-23
901587,2024-08-19
901588,2024-09-06
901589,2024-06-05
901590,2024-07-07
901591,2024-07-02
901592,2024-10-26
901593,2024-12-14
901594,2024-12-16
901595,2024-09-22
901596,2024-06-20
901597,2024-05-28
901598,2024-07-19
901599,2024-08-16
901600,2024-07-22
901601,2024-07-15
901602,2024-09-20
901603,2024-05-06
901604,2024-10-14
901605,2024-10-09
901606,2025-01-01
901607,2024-05-06
901608,2024-11-24
901609,2024-07-09
901610,2024-11-02
901611,2024-11-13
901612,2024-12-08
901613,2024-08-08
901614,2024-09-03
901615,2024-06-28
901616,2024-10-24
901617,2024-12-24
901618,2024-05-28
901619,2024-11-22
901620,2024-10-21
901621,2024-09-30
901622,2024-09-02
901623,2024-08-07
901624,2024-07-16
901625,2024-10-13
901626,2024-09-26
901627,2024-12-07
901628,2024-07-02
901629,2024-08-30
901630,2024-04-22
901631,2024-10-14
901632,2024-11-12
901633,2024-11-29
901634,2024-12-15
901635,2024-06-21
901636,2024-11-04
901637,2024-04-17
901638,2024-07-06
901639,2024-08-04
901640,2024-10-28
901641,2024-09-30
901642,2024-09-04
901643,2024-09-06
901644,2024-09-26
901645,2024-05-12
901646,2024-05-29
901647,2024-08-23
901648,2024-08-09
901649,2024-11-05
901650,2024-08-14
901651,2024-05-14
901652,2024-08-29
901653,2024-07-26
901654,2024-09-06
901655,2024-12-12
901656,2024-09-12
901657,2024-12-12
901658,2024-07-14
901659,2024-07-18
901660,2024-05-27
901661,2024-06-11
901662,2024-08-17
901663,2024-10-08
901664,2024-10-24
901665,2024-07-19
901666,2024-12-09
901667,2024-12-15
901668,2024-12-24
901669,2024-12-10
901670,2024-10-01
901671,2024-08-06
901672,2024-11-29
901673,2024-09-23
901674,2024-11-07
901675,2024-04-29
901676,2024-05-12
901677,2024-12-12
901678,2024-10-02
901679,2024-06-08
901680,2024-07-22
901681,2024-10-03
901682,2024-12-21
901683,2024-11-15
901684,2024-09-24
901685,2024-06-27
901686,2024-11-12
901687,2024-09-10
901688,2024-04-21
901689,2024-05-08
901690,2024-10-13
901691,2024-08-03
901692,2024-08-15
901693,2024-11-13
901694,2024-12-16
901695,2024-04-21
901696,2024-10-07
901697,2024-05-07
901698,2024-09-26
901699,2024-12-12
901700,2024-09-16
901701,2024-09-24
901702,2024-08-14
901703,2024-10-30
901704,2024-12-12
901705,2024-06-27
901706,2024-10-22
901707,2024-04-30
901708,2024-07-18
901709,2024-10-25
901710,2024-10-12
901711,2024-10-26
901712,2024-10-25
901713,2024-10-18
901714,2024-07-15
901715,2024-11-23
901716,2024-12-30
901717,2024-10-07
901718,2024-09-19
901719,2024-10-22
901720,2024-10-12
901721,2024-07-19
901722,2024-12-18
901723,2024-10-16
901724,2024-07-18
